TESTING : v2p PQ3 CONFLICTS

tm1                  tm2                  conflict/not (0/1)
Turn:4,5,6           Turn:517,913,911     0
Turn:4,5,6           Turn:516,911,912     0
Turn:4,5,6           Turn:906,913,912     1
Turn:4,5,6           Turn:517,913,912     1
Turn:4,5,6           Turn:909,911,912     0
Turn:4,5,6           Turn:903,912,911     0
Turn:4,5,6           Turn:908,912,913     1
Turn:4,5,6           Turn:903,912,913     1
Turn:4,5,6           Turn:906,913,911     0
Turn:4,5,6           Turn:516,911,913     0
Turn:4,5,6           Turn:909,911,913     0
Turn:4,5,6           Turn:908,912,911     0
Turn:3,5,9005        Turn:517,913,911     1
Turn:3,5,9005        Turn:516,911,912     1
Turn:3,5,9005        Turn:906,913,912     0
Turn:3,5,9005        Turn:517,913,912     0
Turn:3,5,9005        Turn:909,911,912     1
Turn:3,5,9005        Turn:903,912,911     1
Turn:3,5,9005        Turn:908,912,913     0
Turn:3,5,9005        Turn:903,912,913     0
Turn:3,5,9005        Turn:906,913,911     1
Turn:3,5,9005        Turn:516,911,913     1
Turn:3,5,9005        Turn:909,911,913     1
Turn:3,5,9005        Turn:908,912,911     1
Turn:4,5,9005        Turn:517,913,911     1
Turn:4,5,9005        Turn:516,911,912     0
Turn:4,5,9005        Turn:906,913,912     1
Turn:4,5,9005        Turn:517,913,912     1
Turn:4,5,9005        Turn:909,911,912     0
Turn:4,5,9005        Turn:903,912,911     0
Turn:4,5,9005        Turn:908,912,913     1
Turn:4,5,9005        Turn:903,912,913     1
Turn:4,5,9005        Turn:906,913,911     1
Turn:4,5,9005        Turn:516,911,913     1
Turn:4,5,9005        Turn:909,911,913     1
Turn:4,5,9005        Turn:908,912,911     0
Turn:3,5,6           Turn:517,913,911     0
Turn:3,5,6           Turn:516,911,912     1
Turn:3,5,6           Turn:906,913,912     0
Turn:3,5,6           Turn:517,913,912     0
Turn:3,5,6           Turn:909,911,912     1
Turn:3,5,6           Turn:903,912,911     1
Turn:3,5,6           Turn:908,912,913     0
Turn:3,5,6           Turn:903,912,913     0
Turn:3,5,6           Turn:906,913,911     0
Turn:3,5,6           Turn:516,911,913     0
Turn:3,5,6           Turn:909,911,913     0
Turn:3,5,6           Turn:908,912,911     1
Turn:9005,5,6        Turn:517,913,911     0
Turn:9005,5,6        Turn:516,911,912     1
Turn:9005,5,6        Turn:906,913,912     1
Turn:9005,5,6        Turn:517,913,912     1
Turn:9005,5,6        Turn:909,911,912     1
Turn:9005,5,6        Turn:903,912,911     1
Turn:9005,5,6        Turn:908,912,913     1
Turn:9005,5,6        Turn:903,912,913     1
Turn:9005,5,6        Turn:906,913,911     0
Turn:9005,5,6        Turn:516,911,913     0
Turn:9005,5,6        Turn:909,911,913     0
Turn:9005,5,6        Turn:908,912,911     1
Turn:1,2,3           Turn:501,901,902     0
Turn:1,2,3           Turn:904,902,900     1
Turn:1,2,3           Turn:910,900,901     0
Turn:1,2,3           Turn:905,901,900     0
Turn:1,2,3           Turn:907,902,901     0
Turn:1,2,3           Turn:907,902,900     1
Turn:1,2,3           Turn:904,902,901     0
Turn:1,2,3           Turn:500,900,902     1
Turn:1,2,3           Turn:910,900,902     1
Turn:1,2,3           Turn:501,901,900     0
Turn:1,2,3           Turn:500,900,901     0
Turn:1,2,3           Turn:905,901,902     0
Turn:1,2,9002        Turn:501,901,902     1
Turn:1,2,9002        Turn:904,902,900     1
Turn:1,2,9002        Turn:910,900,901     0
Turn:1,2,9002        Turn:905,901,900     0
Turn:1,2,9002        Turn:907,902,901     1
Turn:1,2,9002        Turn:907,902,900     1
Turn:1,2,9002        Turn:904,902,901     1
Turn:1,2,9002        Turn:500,900,902     1
Turn:1,2,9002        Turn:910,900,902     1
Turn:1,2,9002        Turn:501,901,900     0
Turn:1,2,9002        Turn:500,900,901     0
Turn:1,2,9002        Turn:905,901,902     1
Turn:9002,2,4        Turn:501,901,902     1
Turn:9002,2,4        Turn:904,902,900     0
Turn:9002,2,4        Turn:910,900,901     1
Turn:9002,2,4        Turn:905,901,900     1
Turn:9002,2,4        Turn:907,902,901     1
Turn:9002,2,4        Turn:907,902,900     0
Turn:9002,2,4        Turn:904,902,901     1
Turn:9002,2,4        Turn:500,900,902     0
Turn:9002,2,4        Turn:910,900,902     0
Turn:9002,2,4        Turn:501,901,900     1
Turn:9002,2,4        Turn:500,900,901     1
Turn:9002,2,4        Turn:905,901,902     1
Turn:9002,2,3        Turn:501,901,902     0
Turn:9002,2,3        Turn:904,902,900     1
Turn:9002,2,3        Turn:910,900,901     1
Turn:9002,2,3        Turn:905,901,900     1
Turn:9002,2,3        Turn:907,902,901     0
Turn:9002,2,3        Turn:907,902,900     1
Turn:9002,2,3        Turn:904,902,901     0
Turn:9002,2,3        Turn:500,900,902     1
Turn:9002,2,3        Turn:910,900,902     1
Turn:9002,2,3        Turn:501,901,900     1
Turn:9002,2,3        Turn:500,900,901     1
Turn:9002,2,3        Turn:905,901,902     0
Turn:1,2,4           Turn:501,901,902     1
Turn:1,2,4           Turn:904,902,900     0
Turn:1,2,4           Turn:910,900,901     0
Turn:1,2,4           Turn:905,901,900     0
Turn:1,2,4           Turn:907,902,901     1
Turn:1,2,4           Turn:907,902,900     0
Turn:1,2,4           Turn:904,902,901     1
Turn:1,2,4           Turn:500,900,902     0
Turn:1,2,4           Turn:910,900,902     0
Turn:1,2,4           Turn:501,901,900     0
Turn:1,2,4           Turn:500,900,901     0
Turn:1,2,4           Turn:905,901,902     1
Turn:2,4,9004        Turn:912,908,907     1
Turn:2,4,9004        Turn:909,910,907     0
Turn:2,4,9004        Turn:904,907,910     0
Turn:2,4,9004        Turn:903,908,907     1
Turn:2,4,9004        Turn:904,907,908     1
Turn:2,4,9004        Turn:903,908,909     1
Turn:2,4,9004        Turn:912,908,909     1
Turn:2,4,9004        Turn:902,907,910     0
Turn:2,4,9004        Turn:911,909,908     1
Turn:2,4,9004        Turn:902,907,908     1
Turn:2,4,9004        Turn:910,909,908     1
Turn:2,4,9004        Turn:900,910,907     0
Turn:9004,4,5        Turn:912,908,907     1
Turn:9004,4,5        Turn:909,910,907     1
Turn:9004,4,5        Turn:904,907,910     1
Turn:9004,4,5        Turn:903,908,907     1
Turn:9004,4,5        Turn:904,907,908     1
Turn:9004,4,5        Turn:903,908,909     0
Turn:9004,4,5        Turn:912,908,909     0
Turn:9004,4,5        Turn:902,907,910     1
Turn:9004,4,5        Turn:911,909,908     0
Turn:9004,4,5        Turn:902,907,908     1
Turn:9004,4,5        Turn:910,909,908     0
Turn:9004,4,5        Turn:900,910,907     1
Turn:3,4,5           Turn:912,908,907     0
Turn:3,4,5           Turn:909,910,907     1
Turn:3,4,5           Turn:904,907,910     1
Turn:3,4,5           Turn:903,908,907     0
Turn:3,4,5           Turn:904,907,908     0
Turn:3,4,5           Turn:903,908,909     0
Turn:3,4,5           Turn:912,908,909     0
Turn:3,4,5           Turn:902,907,910     1
Turn:3,4,5           Turn:911,909,908     0
Turn:3,4,5           Turn:902,907,908     0
Turn:3,4,5           Turn:910,909,908     0
Turn:3,4,5           Turn:900,910,907     1
Turn:2,4,5           Turn:912,908,907     1
Turn:2,4,5           Turn:909,910,907     0
Turn:2,4,5           Turn:904,907,910     0
Turn:2,4,5           Turn:903,908,907     1
Turn:2,4,5           Turn:904,907,908     1
Turn:2,4,5           Turn:903,908,909     0
Turn:2,4,5           Turn:912,908,909     0
Turn:2,4,5           Turn:902,907,910     0
Turn:2,4,5           Turn:911,909,908     0
Turn:2,4,5           Turn:902,907,908     1
Turn:2,4,5           Turn:910,909,908     0
Turn:2,4,5           Turn:900,910,907     0
Turn:3,4,9004        Turn:912,908,907     0
Turn:3,4,9004        Turn:909,910,907     1
Turn:3,4,9004        Turn:904,907,910     1
Turn:3,4,9004        Turn:903,908,907     0
Turn:3,4,9004        Turn:904,907,908     0
Turn:3,4,9004        Turn:903,908,909     1
Turn:3,4,9004        Turn:912,908,909     1
Turn:3,4,9004        Turn:902,907,910     1
Turn:3,4,9004        Turn:911,909,908     1
Turn:3,4,9004        Turn:902,907,908     0
Turn:3,4,9004        Turn:910,909,908     1
Turn:3,4,9004        Turn:900,910,907     1
Turn:2,3,5           Turn:902,904,905     0
Turn:2,3,5           Turn:907,904,903     1
Turn:2,3,5           Turn:912,903,906     0
Turn:2,3,5           Turn:905,906,903     0
Turn:2,3,5           Turn:913,906,903     0
Turn:2,3,5           Turn:908,903,904     1
Turn:2,3,5           Turn:902,904,903     1
Turn:2,3,5           Turn:901,905,904     0
Turn:2,3,5           Turn:908,903,906     0
Turn:2,3,5           Turn:912,903,904     1
Turn:2,3,5           Turn:907,904,905     0
Turn:2,3,5           Turn:906,905,904     0
Turn:2,3,9003        Turn:902,904,905     0
Turn:2,3,9003        Turn:907,904,903     1
Turn:2,3,9003        Turn:912,903,906     1
Turn:2,3,9003        Turn:905,906,903     1
Turn:2,3,9003        Turn:913,906,903     1
Turn:2,3,9003        Turn:908,903,904     1
Turn:2,3,9003        Turn:902,904,903     1
Turn:2,3,9003        Turn:901,905,904     0
Turn:2,3,9003        Turn:908,903,906     1
Turn:2,3,9003        Turn:912,903,904     1
Turn:2,3,9003        Turn:907,904,905     0
Turn:2,3,9003        Turn:906,905,904     0
Turn:9003,3,4        Turn:902,904,905     1
Turn:9003,3,4        Turn:907,904,903     0
Turn:9003,3,4        Turn:912,903,906     1
Turn:9003,3,4        Turn:905,906,903     1
Turn:9003,3,4        Turn:913,906,903     1
Turn:9003,3,4        Turn:908,903,904     0
Turn:9003,3,4        Turn:902,904,903     0
Turn:9003,3,4        Turn:901,905,904     1
Turn:9003,3,4        Turn:908,903,906     1
Turn:9003,3,4        Turn:912,903,904     0
Turn:9003,3,4        Turn:907,904,905     1
Turn:9003,3,4        Turn:906,905,904     1
Turn:2,3,4           Turn:902,904,905     0
Turn:2,3,4           Turn:907,904,903     0
Turn:2,3,4           Turn:912,903,906     1
Turn:2,3,4           Turn:905,906,903     1
Turn:2,3,4           Turn:913,906,903     1
Turn:2,3,4           Turn:908,903,904     0
Turn:2,3,4           Turn:902,904,903     0
Turn:2,3,4           Turn:901,905,904     0
Turn:2,3,4           Turn:908,903,906     1
Turn:2,3,4           Turn:912,903,904     0
Turn:2,3,4           Turn:907,904,905     0
Turn:2,3,4           Turn:906,905,904     0
Turn:9003,3,5        Turn:902,904,905     1
Turn:9003,3,5        Turn:907,904,903     1
Turn:9003,3,5        Turn:912,903,906     0
Turn:9003,3,5        Turn:905,906,903     0
Turn:9003,3,5        Turn:913,906,903     0
Turn:9003,3,5        Turn:908,903,904     1
Turn:9003,3,5        Turn:902,904,903     1
Turn:9003,3,5        Turn:901,905,904     1
Turn:9003,3,5        Turn:908,903,906     0
Turn:9003,3,5        Turn:912,903,904     1
Turn:9003,3,5        Turn:907,904,905     1
Turn:9003,3,5        Turn:906,905,904     1

FINISHED TESTING : v2p PQ3 CONFLICTS