MAIN
911
	[(909, 911 null 0.0), (913, 911 null 0.0), (912, 911 null 0.0), (516, 911 null 0.0)]
	[(911, 909 null 0.0), (911, 913 null 0.0), (911, 912 null 0.0), (911, 516 null 0.0)]
516
	[(519, 516 null 0.0), (911, 516 null 0.0)]
	[(516, 519 null 0.0), (516, 911 null 0.0)]
902
	[(900, 902 null 0.0), (907, 902 null 0.0), (901, 902 null 0.0), (904, 902 null 0.0)]
	[(902, 907 null 0.0), (902, 904 null 0.0), (902, 901 null 0.0), (902, 900 null 0.0)]
501
	[(901, 501 null 0.0)]
	[(501, 901 null 0.0)]
500
	[(900, 500 null 0.0)]
	[(500, 900 null 0.0)]
906
	[(913, 906 null 0.0), (905, 906 null 0.0), (903, 906 null 0.0)]
	[(906, 903 null 0.0), (906, 913 null 0.0), (906, 905 null 0.0)]
517
	[(913, 517 null 0.0), (518, 517 null 0.0)]
	[(517, 913 null 0.0), (517, 518 null 0.0)]
518
	[(517, 518 null 0.0)]
	[(518, 517 null 0.0)]
901
	[(501, 901 null 0.0), (905, 901 null 0.0), (902, 901 null 0.0), (900, 901 null 0.0)]
	[(901, 900 null 0.0), (901, 905 null 0.0), (901, 501 null 0.0), (901, 902 null 0.0)]
519
	[(516, 519 null 0.0)]
	[(519, 516 null 0.0)]
908
	[(909, 908 null 0.0), (903, 908 null 0.0), (912, 908 null 0.0), (907, 908 null 0.0)]
	[(908, 903 null 0.0), (908, 909 null 0.0), (908, 912 null 0.0), (908, 907 null 0.0)]
910
	[(909, 910 null 0.0), (907, 910 null 0.0), (900, 910 null 0.0)]
	[(910, 909 null 0.0), (910, 900 null 0.0), (910, 907 null 0.0)]
909
	[(911, 909 null 0.0), (910, 909 null 0.0), (908, 909 null 0.0)]
	[(909, 910 null 0.0), (909, 908 null 0.0), (909, 911 null 0.0)]
905
	[(901, 905 null 0.0), (904, 905 null 0.0), (906, 905 null 0.0)]
	[(905, 904 null 0.0), (905, 901 null 0.0), (905, 906 null 0.0)]
907
	[(902, 907 null 0.0), (904, 907 null 0.0), (908, 907 null 0.0), (910, 907 null 0.0)]
	[(907, 904 null 0.0), (907, 902 null 0.0), (907, 908 null 0.0), (907, 910 null 0.0)]
912
	[(903, 912 null 0.0), (913, 912 null 0.0), (911, 912 null 0.0), (908, 912 null 0.0)]
	[(912, 913 null 0.0), (912, 908 null 0.0), (912, 903 null 0.0), (912, 911 null 0.0)]
913
	[(912, 913 null 0.0), (911, 913 null 0.0), (517, 913 null 0.0), (906, 913 null 0.0)]
	[(913, 912 null 0.0), (913, 517 null 0.0), (913, 906 null 0.0), (913, 911 null 0.0)]
904
	[(907, 904 null 0.0), (903, 904 null 0.0), (902, 904 null 0.0), (905, 904 null 0.0)]
	[(904, 907 null 0.0), (904, 905 null 0.0), (904, 903 null 0.0), (904, 902 null 0.0)]
903
	[(908, 903 null 0.0), (906, 903 null 0.0), (912, 903 null 0.0), (904, 903 null 0.0)]
	[(903, 908 null 0.0), (903, 904 null 0.0), (903, 912 null 0.0), (903, 906 null 0.0)]
900
	[(901, 900 null 0.0), (500, 900 null 0.0), (902, 900 null 0.0), (910, 900 null 0.0)]
	[(900, 902 null 0.0), (900, 500 null 0.0), (900, 901 null 0.0), (900, 910 null 0.0)]